# unix_time, cycles_done, cur_path, paths_total, pending_total, pending_favs, map_size, unique_crashes, unique_hangs, max_depth, execs_per_sec, valid_inputs, invalid_inputs, valid_cov
1563571029, 0, 0, 1, 0, 0, 0.00%, 0, 0, 0, 1.29, 1, 0, 0.00%
1563571029, 0, 0, 1, 0, 0, 0.00%, 0, 0, 0, 1626.67, 489, 0, 0.00%
1563571029, 1, 0, 1, 0, 0, 0.00%, 0, 0, 0, 2156.67, 1136, 0, 0.00%
1563571030, 1, 0, 1, 0, 0, 0.00%, 0, 0, 0, 2480.00, 1880, 0, 0.00%
1563571030, 2, 0, 1, 0, 0, 0.00%, 0, 0, 0, 2520.00, 2636, 0, 0.00%
1563571030, 3, 0, 1, 0, 0, 0.00%, 0, 0, 0, 2573.33, 3408, 0, 0.00%
1563571031, 4, 0, 1, 0, 0, 0.00%, 0, 0, 0, 2606.67, 4190, 0, 0.00%
1563571031, 4, 0, 1, 0, 0, 0.00%, 0, 0, 0, 2580.00, 4964, 0, 0.00%
1563571031, 5, 0, 1, 0, 0, 0.00%, 0, 0, 0, 2556.67, 5731, 0, 0.00%
1563571031, 6, 0, 1, 0, 0, 0.00%, 0, 0, 0, 2540.00, 6493, 0, 0.00%
1563571032, 7, 0, 1, 0, 0, 0.00%, 0, 0, 0, 2596.67, 7272, 0, 0.00%
1563571032, 8, 0, 1, 0, 0, 0.00%, 0, 0, 0, 2583.33, 8047, 0, 0.00%
1563571032, 8, 0, 1, 0, 0, 0.00%, 0, 0, 0, 2620.00, 8833, 0, 0.00%
1563571033, 9, 0, 1, 0, 0, 0.00%, 0, 0, 0, 2606.67, 9615, 0, 0.00%
